1
NORMAL
185
0
|                                  SCREEN                                 |
|_________________________________________________________________________|

    1  2  3  4     5  6  7  8  9 10 11 12 13 14 15 16 17    18 19 20 21    
A  |0||0||0||0| - |0||0||0||0||0||0||0||0||0||0||0||0||0| - |0||0||0||0|  A
B  |0||0||0||0| - |0||0||0||0||0||0||0||0||0||0||0||0||0| - |0||0||0||0|  B
C  |0||0||0||0| - |0||0||0||0||0||0||0||0||0||0||0||0||0| - |0||0||0||0|  C
D  |0||0||0||0| - |0||0||0||0||0||0||0||0||0||0||0||0||0| - |0||0||0||0|  D
E  |0||0||0||0| - |0||0||0||0||0||0||0||0||0||0||0||0||0| - |0||0||0||0|  E
F  |0||0||0||0| - |0||0||0||0||0||0||0||0||0||0||0||0||0| - |0||0||0||0|  F
G  |0||0||0||0| - |0||0||0||0||0||0||0||0||0||0||0||0||0| - |0||0||0||0|  G
H  |0||0||0||0| - |0||0||0||0||0||0||0||0||0||0||0||0||0| - |0||0||0||0|  H
I  |0||0| -  -  - |0||0||0||0||0||0||0||0||0||0||0||0||0| -  -  - |0||0|  I
    -  -  -  -  -  -  -  -     -  -  -  -  -  -  -  -  -  -  -  -  -  -      
                                ____________
                               |            |
                               |  ENTRANCE  |                      